<?xml version="1.0" encoding="utf-8"?>
<COLLADA xmlns="http://www.collada.org/2005/11/COLLADASchema" version="1.4.1">
  <asset>
    <contributor>
      <author>Mixamo</author>
      <authoring_tool>COLLADA Mixamo exporter</authoring_tool>
      <comments/>
    </contributor>
    <created>2026-01-06T19:08:06Z</created>
    <modified>2026-01-06T19:08:06Z</modified>
    <revision/>
    <title/>
    <unit meter="0.010000"/>
    <up_axis>Y_UP</up_axis>
  </asset>
  <library_animations>
    <animation id="Armature-anim" name="Armature">
      <source id="Armature-Matrix-animation-input">
        <float_array id="Armature-Matrix-animation-input-array" count="35">

0.000000 0.033333 0.066667 0.100000 0.133333 0.166667 0.200000 0.233333 0.266667 0.300000 0.333333 0.366667 0.400000 0.433333 0.466667 0.500000
0.533333 0.566667 0.600000 0.633333 0.666667 0.700000 0.733333 0.766667 0.800000 0.833333 0.866667 0.900000 0.933333 0.966667 1.000000 1.033333
1.066667 1.100000 1.133333</float_array>
        <technique_common>
          <accessor source="#Armature-Matrix-animation-input-array" count="35">
            <param name="TIME" type="float"/>
          </accessor>
        </technique_common>
      </source>
      <source id="Armature-Matrix-animation-output-transform">
        <float_array id="Armature-Matrix-animation-output-transform-array" count="560">

100.000000 0.000000 0.000000 0.000000 0.000000 0.000000 100.000000 0.000000 0.000000 -100.000000 0.000000 0.000000 0.000000 0.000000 0.000000 1.000000
100.000000 0.000000 0.000000 0.000000 0.000000 0.000000 100.000000 0.000000 0.000000 -100.000000 0.000000 0.000000 0.000000 0.000000 0.000000 1.000000
100.000000 0.000000 0.000000 0.000000 0.000000 0.000000 100.000000 0.000000 0.000000 -100.000000 0.000000 0.000000 0.000000 0.000000 0.000000 1.000000
100.000000 0.000000 0.000000 0.000000 0.000000 0.000000 100.000000 0.000000 0.000000 -100.000000 0.000000 0.000000 0.000000 0.000000 0.000000 1.000000
100.000000 0.000000 0.000000 0.000000 0.000000 0.000000 100.000000 0.000000 0.000000 -100.000000 0.000000 0.000000 0.000000 0.000000 0.000000 1.000000
100.000000 0.000000 0.000000 0.000000 0.000000 0.000000 100.000000 0.000000 0.000000 -100.000000 0.000000 0.000000 0.000000 0.000000 0.000000 1.000000
100.000000 0.000000 0.000000 0.000000 0.000000 0.000000 100.000000 0.000000 0.000000 -100.000000 0.000000 0.000000 0.000000 0.000000 0.000000 1.000000
100.000000 0.000000 0.000000 0.000000 0.000000 0.000000 100.000000 0.000000 0.000000 -100.000000 0.000000 0.000000 0.000000 0.000000 0.000000 1.000000
100.000000 0.000000 0.000000 0.000000 0.000000 0.000000 100.000000 0.000000 0.000000 -100.000000 0.000000 0.000000 0.000000 0.000000 0.000000 1.000000
100.000000 0.000000 0.000000 0.000000 0.000000 0.000000 100.000000 0.000000 0.000000 -100.000000 0.000000 0.000000 0.000000 0.000000 0.000000 1.000000
100.000000 0.000000 0.000000 0.000000 0.000000 0.000000 100.000000 0.000000 0.000000 -100.000000 0.000000 0.000000 0.000000 0.000000 0.000000 1.000000
100.000000 0.000000 0.000000 0.000000 0.000000 0.000000 100.000000 0.000000 0.000000 -100.000000 0.000000 0.000000 0.000000 0.000000 0.000000 1.000000
100.000000 0.000000 0.000000 0.000000 0.000000 0.000000 100.000000 0.000000 0.000000 -100.000000 0.000000 0.000000 0.000000 0.000000 0.000000 1.000000
100.000000 0.000000 0.000000 0.000000 0.000000 0.000000 100.000000 0.000000 0.000000 -100.000000 0.000000 0.000000 0.000000 0.000000 0.000000 1.000000
100.000000 0.000000 0.000000 0.000000 0.000000 0.000000 100.000000 0.000000 0.000000 -100.000000 0.000000 0.000000 0.000000 0.000000 0.000000 1.000000
100.000000 0.000000 0.000000 0.000000 0.000000 0.000000 100.000000 0.000000 0.000000 -100.000000 0.000000 0.000000 0.000000 0.000000 0.000000 1.000000
100.000000 0.000000 0.000000 0.000000 0.000000 0.000000 100.000000 0.000000 0.000000 -100.000000 0.000000 0.000000 0.000000 0.000000 0.000000 1.000000
100.000000 0.000000 0.000000 0.000000 0.000000 0.000000 100.000000 0.000000 0.000000 -100.000000 0.000000 0.000000 0.000000 0.000000 0.000000 1.000000
100.000000 0.000000 0.000000 0.000000 0.000000 0.000000 100.000000 0.000000 0.000000 -100.000000 0.000000 0.000000 0.000000 0.000000 0.000000 1.000000
100.000000 0.000000 0.000000 0.000000 0.000000 0.000000 100.000000 0.000000 0.000000 -100.000000 0.000000 0.000000 0.000000 0.000000 0.000000 1.000000
100.000000 0.000000 0.000000 0.000000 0.000000 0.000000 100.000000 0.000000 0.000000 -100.000000 0.000000 0.000000 0.000000 0.000000 0.000000 1.000000
100.000000 0.000000 0.000000 0.000000 0.000000 0.000000 100.000000 0.000000 0.000000 -100.000000 0.000000 0.000000 0.000000 0.000000 0.000000 1.000000
100.000000 0.000000 0.000000 0.000000 0.000000 0.000000 100.000000 0.000000 0.000000 -100.000000 0.000000 0.000000 0.000000 0.000000 0.000000 1.000000
100.000000 0.000000 0.000000 0.000000 0.000000 0.000000 100.000000 0.000000 0.000000 -100.000000 0.000000 0.000000 0.000000 0.000000 0.000000 1.000000
100.000000 0.000000 0.000000 0.000000 0.000000 0.000000 100.000000 0.000000 0.000000 -100.000000 0.000000 0.000000 0.000000 0.000000 0.000000 1.000000
100.000000 0.000000 0.000000 0.000000 0.000000 0.000000 100.000000 0.000000 0.000000 -100.000000 0.000000 0.000000 0.000000 0.000000 0.000000 1.000000
100.000000 0.000000 0.000000 0.000000 0.000000 0.000000 100.000000 0.000000 0.000000 -100.000000 0.000000 0.000000 0.000000 0.000000 0.000000 1.000000
100.000000 0.000000 0.000000 0.000000 0.000000 0.000000 100.000000 0.000000 0.000000 -100.000000 0.000000 0.000000 0.000000 0.000000 0.000000 1.000000
100.000000 0.000000 0.000000 0.000000 0.000000 0.000000 100.000000 0.000000 0.000000 -100.000000 0.000000 0.000000 0.000000 0.000000 0.000000 1.000000
100.000000 0.000000 0.000000 0.000000 0.000000 0.000000 100.000000 0.000000 0.000000 -100.000000 0.000000 0.000000 0.000000 0.000000 0.000000 1.000000
100.000000 0.000000 0.000000 0.000000 0.000000 0.000000 100.000000 0.000000 0.000000 -100.000000 0.000000 0.000000 0.000000 0.000000 0.000000 1.000000
100.000000 0.000000 0.000000 0.000000 0.000000 0.000000 100.000000 0.000000 0.000000 -100.000000 0.000000 0.000000 0.000000 0.000000 0.000000 1.000000
100.000000 0.000000 0.000000 0.000000 0.000000 0.000000 100.000000 0.000000 0.000000 -100.000000 0.000000 0.000000 0.000000 0.000000 0.000000 1.000000
100.000000 0.000000 0.000000 0.000000 0.000000 0.000000 100.000000 0.000000 0.000000 -100.000000 0.000000 0.000000 0.000000 0.000000 0.000000 1.000000
100.000000 0.000000 0.000000 0.000000 0.000000 0.000000 100.000000 0.000000 0.000000 -100.000000 0.000000 0.000000 0.000000 0.000000 0.000000 1.000000</float_array>
        <technique_common>
          <accessor source="#Armature-Matrix-animation-output-transform-array" count="35" stride="16">
            <param type="float4x4"/>
          </accessor>
        </technique_common>
      </source>
      <source id="Armature-Interpolations">
        <Name_array id="Armature-Interpolations-array" count="35">
 LINEAR LINEAR LINEAR LINEAR LINEAR LINEAR LINEAR LINEAR LINEAR LINEAR LINEAR
LINEAR LINEAR LINEAR LINEAR LINEAR LINEAR LINEAR LINEAR LINEAR LINEAR LINEAR LINEAR
LINEAR LINEAR LINEAR LINEAR LINEAR LINEAR LINEAR LINEAR LINEAR LINEAR LINEAR LINEAR</Name_array>
        <technique_common>
          <accessor source="#Armature-Interpolations-array" count="35">
            <param type="name"/>
          </accessor>
        </technique_common>
      </source>
      <sampler id="Armature-Matrix-animation-transform">
        <input semantic="INPUT" source="#Armature-Matrix-animation-input"/>
        <input semantic="OUTPUT" source="#Armature-Matrix-animation-output-transform"/>
        <input semantic="INTERPOLATION" source="#Armature-Interpolations"/>
      </sampler>
      <channel source="#Armature-Matrix-animation-transform" target="Armature/matrix"/>
    </animation>
    <animation id="Hips-anim" name="Hips">
      <source id="Hips-Matrix-animation-input">
        <float_array id="Hips-Matrix-animation-input-array" count="35">

0.000000 0.033333 0.066667 0.100000 0.133333 0.166667 0.200000 0.233333 0.266667 0.300000 0.333333 0.366667 0.400000 0.433333 0.466667 0.500000
0.533333 0.566667 0.600000 0.633333 0.666667 0.700000 0.733333 0.766667 0.800000 0.833333 0.866667 0.900000 0.933333 0.966667 1.000000 1.033333
1.066667 1.100000 1.133333</float_array>
        <technique_common>
          <accessor source="#Hips-Matrix-animation-input-array" count="35">
            <param name="TIME" type="float"/>
          </accessor>
        </technique_common>
      </source>
      <source id="Hips-Matrix-animation-output-transform">
        <float_array id="Hips-Matrix-animation-output-transform-array" count="560">

0.999755 0.015614 0.015682 0.003974 0.016326 -0.042020 -0.998983 -0.003459 -0.014939 0.998995 -0.042265 1.013342 0.000000 0.000000 0.000000 1.000000
0.999765 0.013982 0.016546 0.003260 0.017135 -0.043063 -0.998925 -0.002388 -0.013255 0.998975 -0.043292 1.012729 0.000000 0.000000 0.000000 1.000000
0.999752 0.012690 0.018304 0.002490 0.018843 -0.043753 -0.998865 -0.001504 -0.011874 0.998962 -0.043981 1.012175 0.000000 0.000000 0.000000 1.000000
0.999667 0.012235 0.022739 0.001366 0.023251 -0.043450 -0.998785 -0.001134 -0.011232 0.998981 -0.043720 1.011719 0.000000 0.000000 0.000000 1.000000
0.999517 0.012344 0.028537 0.000304 0.029039 -0.042604 -0.998670 -0.001176 -0.011112 0.999016 -0.042942 1.011415 0.000000 0.000000 0.000000 1.000000
0.999303 0.012761 0.035083 0.000006 0.035586 -0.041592 -0.998501 -0.001718 -0.011283 0.999053 -0.042017 1.011385 0.000000 0.000000 0.000000 1.000000
0.999070 0.013550 0.040943 0.000140 0.041462 -0.040505 -0.998319 -0.002556 -0.011869 0.999087 -0.041029 1.011565 0.000000 0.000000 0.000000 1.000000
0.998933 0.014739 0.043778 0.000092 0.044328 -0.039359 -0.998241 -0.003356 -0.012990 0.999116 -0.039970 1.011837 0.000000 0.000000 0.000000 1.000000
0.998909 0.016529 0.043683 -0.000196 0.044289 -0.038327 -0.998283 -0.004033 -0.014827 0.999129 -0.039017 1.012181 0.000000 0.000000 0.000000 1.000000
0.998910 0.019609 0.042361 -0.000560 0.043077 -0.037668 -0.998361 -0.004607 -0.017981 0.999098 -0.038472 1.012667 0.000000 0.000000 0.000000 1.000000
0.998875 0.023839 0.040999 -0.000939 0.041876 -0.037540 -0.998417 -0.005050 -0.022262 0.999011 -0.038496 1.013282 0.000000 0.000000 0.000000 1.000000
0.998863 0.027452 0.038980 -0.001192 0.040018 -0.038325 -0.998464 -0.005366 -0.025916 0.998888 -0.039380 1.013747 0.000000 0.000000 0.000000 1.000000
0.998913 0.029253 0.036303 -0.001215 0.037469 -0.040340 -0.998483 -0.005556 -0.027744 0.998758 -0.041393 1.013847 0.000000 0.000000 0.000000 1.000000
0.999021 0.030209 0.032322 -0.001131 0.033584 -0.042262 -0.998542 -0.005620 -0.028799 0.998650 -0.043236 1.013832 0.000000 0.000000 0.000000 1.000000
0.999181 0.030734 0.026303 -0.001016 0.027609 -0.042872 -0.998699 -0.005543 -0.029567 0.998608 -0.043686 1.013834 0.000000 0.000000 0.000000 1.000000
0.999328 0.030798 0.019850 -0.000828 0.021159 -0.042778 -0.998861 -0.005405 -0.029914 0.998610 -0.043401 1.013805 0.000000 0.000000 0.000000 1.000000
0.999430 0.030647 0.014139 -0.000565 0.015426 -0.042179 -0.998991 -0.005322 -0.030019 0.998640 -0.042628 1.013770 0.000000 0.000000 0.000000 1.000000
0.999496 0.030079 0.010126 -0.000231 0.011356 -0.041010 -0.999094 -0.005105 -0.029637 0.998706 -0.041331 1.013698 0.000000 0.000000 0.000000 1.000000
0.999538 0.028890 0.009405 0.000203 0.010539 -0.039331 -0.999171 -0.004571 -0.028497 0.998809 -0.039617 1.013556 0.000000 0.000000 0.000000 1.000000
0.999561 0.027297 0.011490 0.000702 0.012496 -0.036976 -0.999238 -0.003821 -0.026851 0.998943 -0.037301 1.013386 0.000000 0.000000 0.000000 1.000000
0.999544 0.025402 0.016309 0.001255 0.017157 -0.033530 -0.999290 -0.002682 -0.024837 0.999115 -0.033950 1.013204 0.000000 0.000000 0.000000 1.000000
0.999461 0.023401 0.023028 0.001826 0.023716 -0.029543 -0.999282 -0.001591 -0.022704 0.999290 -0.030082 1.013075 0.000000 0.000000 0.000000 1.000000
0.999299 0.021516 0.030631 0.002368 0.031179 -0.025603 -0.999186 -0.001369 -0.020714 0.999441 -0.026256 1.013092 0.000000 0.000000 0.000000 1.000000
0.999074 0.019788 0.038203 0.002867 0.038645 -0.022459 -0.999001 -0.001870 -0.018911 0.999552 -0.023203 1.013236 0.000000 0.000000 0.000000 1.000000
0.998827 0.018273 0.044849 0.003314 0.045235 -0.021246 -0.998750 -0.002630 -0.017297 0.999607 -0.022048 1.013450 0.000000 0.000000 0.000000 1.000000
0.998609 0.017017 0.049912 0.003706 0.050284 -0.022153 -0.998489 -0.003496 -0.015885 0.999610 -0.022978 1.013712 0.000000 0.000000 0.000000 1.000000
0.998472 0.015998 0.052889 0.004039 0.053274 -0.024705 -0.998274 -0.004387 -0.014664 0.999567 -0.025519 1.014019 0.000000 0.000000 0.000000 1.000000
0.998455 0.015256 0.053436 0.004324 0.053852 -0.028345 -0.998147 -0.005205 -0.013713 0.999482 -0.029123 1.014354 0.000000 0.000000 0.000000 1.000000
0.998559 0.014872 0.051554 0.004677 0.052008 -0.031929 -0.998136 -0.005914 -0.013198 0.999379 -0.032656 1.014685 0.000000 0.000000 0.000000 1.000000
0.998771 0.014853 0.047284 0.005143 0.047775 -0.034680 -0.998256 -0.006446 -0.013188 0.999288 -0.035347 1.014984 0.000000 0.000000 0.000000 1.000000
0.999037 0.015012 0.041229 0.005474 0.041758 -0.036821 -0.998449 -0.006583 -0.013470 0.999209 -0.037413 1.015104 0.000000 0.000000 0.000000 1.000000
0.999309 0.015212 0.033911 0.005504 0.034473 -0.038305 -0.998671 -0.006108 -0.013893 0.999150 -0.038803 1.014915 0.000000 0.000000 0.000000 1.000000
0.999527 0.015400 0.026608 0.005230 0.027199 -0.039515 -0.998849 -0.005318 -0.014330 0.999100 -0.039915 1.014535 0.000000 0.000000 0.000000 1.000000
0.999662 0.015514 0.020877 0.004655 0.021495 -0.040795 -0.998936 -0.004404 -0.014646 0.999047 -0.041115 1.013977 0.000000 0.000000 0.000000 1.000000
0.999755 0.015613 0.015682 0.003974 0.016326 -0.042020 -0.998983 -0.003459 -0.014938 0.998995 -0.042265 1.013342 0.000000 0.000000 0.000000 1.000000</float_array>
        <technique_common>
          <accessor source="#Hips-Matrix-animation-output-transform-array" count="35" stride="16">
            <param type="float4x4"/>
          </accessor>
        </technique_common>
      </source>
      <source id="Hips-Interpolations">
        <Name_array id="Hips-Interpolations-array" count="35">
 LINEAR LINEAR LINEAR LINEAR LINEAR LINEAR LINEAR LINEAR LINEAR LINEAR LINEAR
LINEAR LINEAR LINEAR LINEAR LINEAR LINEAR LINEAR LINEAR LINEAR LINEAR LINEAR LINEAR
LINEAR LINEAR LINEAR LINEAR LINEAR LINEAR LINEAR LINEAR LINEAR LINEAR LINEAR LINEAR</Name_array>
        <technique_common>
          <accessor source="#Hips-Interpolations-array" count="35">
            <param type="name"/>
          </accessor>
        </technique_common>
      </source>
      <sampler id="Hips-Matrix-animation-transform">
        <input semantic="INPUT" source="#Hips-Matrix-animation-input"/>
        <input semantic="OUTPUT" source="#Hips-Matrix-animation-output-transform"/>
        <input semantic="INTERPOLATION" source="#Hips-Interpolations"/>
      </sampler>
      <channel source="#Hips-Matrix-animation-transform" target="Hips/matrix"/>
    </animation>
    <animation id="Spine-anim" name="Spine">
      <source id="Spine-Matrix-animation-input">
        <float_array id="Spine-Matrix-animation-input-array" count="35">

0.000000 0.033333 0.066667 0.100000 0.133333 0.166667 0.200000 0.233333 0.266667 0.300000 0.333333 0.366667 0.400000 0.433333 0.466667 0.500000
0.533333 0.566667 0.600000 0.633333 0.666667 0.700000 0.733333 0.766667 0.800000 0.833333 0.866667 0.900000 0.933333 0.966667 1.000000 1.033333
1.066667 1.100000 1.133333</float_array>
        <technique_common>
          <accessor source="#Spine-Matrix-animation-input-array" count="35">
            <param name="TIME" type="float"/>
          </accessor>
        </technique_common>
      </source>
      <source id="Spine-Matrix-animation-output-transform">
        <float_array id="Spine-Matrix-animation-output-transform-array" count="560">

0.987421 -0.152870 0.040368 0.000000 0.137070 0.954912 0.263354 0.098500 -0.078807 -0.254509 0.963854 0.000000 0.000000 0.000000 0.000000 1.000000
0.989004 -0.143936 0.033978 0.000000 0.129913 0.955322 0.265485 0.098500 -0.070673 -0.258151 0.963516 -0.000000 0.000000 0.000000 0.000000 1.000000
0.990313 -0.135933 0.028321 0.000000 0.123533 0.955665 0.267292 0.098500 -0.063399 -0.261204 0.963199 0.000000 0.000000 0.000000 0.000000 1.000000
0.991211 -0.130081 0.024090 0.000000 0.118950 0.956035 0.268045 0.098500 -0.057899 -0.262824 0.963105 -0.000000 0.000000 0.000000 0.000000 1.000000
0.991753 -0.126301 0.021770 0.000000 0.115932 0.956489 0.267747 0.098500 -0.054639 -0.263015 0.963243 0.000000 0.000000 0.000000 0.000000 1.000000
0.991965 -0.124579 0.022032 0.000000 0.114290 0.957115 0.266213 0.098500 -0.054252 -0.261556 0.963662 0.000000 0.000000 0.000000 0.000000 1.000000
0.991802 -0.125313 0.024990 0.000000 0.114380 0.957832 0.263580 0.098500 -0.056966 -0.258561 0.964314 0.000000 0.000000 0.000000 0.000000 1.000000
0.991084 -0.129555 0.031105 0.000000 0.117135 0.958486 0.259971 0.098500 -0.063494 -0.254010 0.965115 0.000000 0.000000 0.000000 0.000000 1.000000
0.989849 -0.136499 0.039586 0.000000 0.122015 0.958998 0.255801 0.098500 -0.072879 -0.248375 0.965919 -0.000000 0.000000 0.000000 0.000000 1.000000
0.988368 -0.144053 0.048750 0.000000 0.127424 0.959415 0.251569 0.098500 -0.083011 -0.242430 0.966611 -0.000000 0.000000 0.000000 0.000000 1.000000
0.986891 -0.150943 0.057114 0.000000 0.132467 0.959768 0.247584 0.098500 -0.092187 -0.236773 0.967182 -0.000000 0.000000 0.000000 0.000000 1.000000
0.985660 -0.156117 0.064048 -0.000000 0.136092 0.959853 0.245279 0.098500 -0.099769 -0.233046 0.967334 0.000000 0.000000 0.000000 0.000000 1.000000
0.984974 -0.158486 0.068622 0.000000 0.137287 0.959587 0.245651 0.098500 -0.104781 -0.232539 0.966926 0.000000 0.000000 0.000000 0.000000 1.000000
0.984569 -0.159683 0.071584 0.000000 0.137553 0.959074 0.247501 0.098500 -0.108176 -0.233835 0.966240 -0.000000 0.000000 0.000000 0.000000 1.000000
0.984224 -0.161015 0.073331 0.000000 0.138122 0.958271 0.250276 0.098500 -0.110569 -0.236199 0.965394 0.000000 0.000000 0.000000 0.000000 1.000000
0.984161 -0.161417 0.073290 0.000000 0.138173 0.957463 0.253325 0.098500 -0.111063 -0.239186 0.964601 0.000000 0.000000 0.000000 0.000000 1.000000
0.984579 -0.159953 0.070850 0.000000 0.137074 0.956996 0.255676 0.098500 -0.108699 -0.242021 0.964163 0.000000 0.000000 0.000000 0.000000 1.000000
0.985267 -0.157387 0.066913 0.000000 0.135344 0.956753 0.257500 0.098500 -0.104547 -0.244650 0.963959 0.000000 0.000000 0.000000 0.000000 1.000000
0.986154 -0.153919 0.061716 -0.000000 0.133146 0.956759 0.258622 0.098500 -0.098854 -0.246824 0.964005 -0.000000 0.000000 0.000000 0.000000 1.000000
0.987024 -0.150450 0.056114 0.000000 0.131159 0.956987 0.258791 0.098500 -0.092635 -0.248073 0.964302 0.000000 0.000000 0.000000 0.000000 1.000000
0.987662 -0.148027 0.051109 0.000000 0.130179 0.957475 0.257477 0.098500 -0.087050 -0.247647 0.964932 0.000000 0.000000 0.000000 0.000000 1.000000
0.988045 -0.146918 0.046712 0.000000 0.130408 0.958096 0.255039 0.098500 -0.082224 -0.245899 0.965802 0.000000 0.000000 0.000000 0.000000 1.000000
0.988120 -0.147577 0.042898 0.000000 0.132256 0.958715 0.251743 0.098500 -0.078278 -0.243079 0.966843 0.000000 0.000000 0.000000 0.000000 1.000000
0.987927 -0.149750 0.039690 0.000000 0.135396 0.959110 0.248546 0.098500 -0.075287 -0.240172 0.967807 0.000000 0.000000 0.000000 0.000000 1.000000
0.987550 -0.152885 0.037036 0.000000 0.139187 0.958936 0.247122 0.098500 -0.073296 -0.238891 0.968276 0.000000 0.000000 0.000000 0.000000 1.000000
0.987030 -0.156610 0.035294 0.000000 0.143174 0.958183 0.247762 0.098500 -0.072620 -0.239495 0.968178 -0.000000 0.000000 0.000000 0.000000 1.000000
0.986407 -0.160504 0.035218 0.000000 0.146822 0.957118 0.249737 0.098500 -0.073792 -0.241171 0.967673 -0.000000 0.000000 0.000000 0.000000 1.000000
0.985734 -0.164191 0.037003 0.000000 0.149759 0.955971 0.252371 0.098500 -0.076811 -0.243229 0.966923 0.000000 0.000000 0.000000 0.000000 1.000000
0.985038 -0.167558 0.040302 0.000000 0.152063 0.955106 0.254261 0.098500 -0.081096 -0.244329 0.966295 -0.000000 0.000000 0.000000 0.000000 1.000000
0.984381 -0.170293 0.044669 0.000000 0.153617 0.954770 0.254591 0.098500 -0.086003 -0.243753 0.966017 0.000000 0.000000 0.000000 0.000000 1.000000
0.984006 -0.171428 0.048413 -0.000000 0.153770 0.954649 0.254951 0.098500 -0.089923 -0.243429 0.965741 -0.000000 0.000000 0.000000 0.000000 1.000000
0.984132 -0.170180 0.050231 0.000000 0.151986 0.954570 0.256313 0.098500 -0.091569 -0.244611 0.965288 0.000000 0.000000 0.000000 0.000000 1.000000
0.984744 -0.166741 0.049761 -0.000000 0.148589 0.954597 0.258195 0.098500 -0.090553 -0.246863 0.964810 0.000000 0.000000 0.000000 0.000000 1.000000
0.985973 -0.160503 0.045785 0.000000 0.143316 0.954742 0.260631 0.098500 -0.085545 -0.250413 0.964352 -0.000000 0.000000 0.000000 0.000000 1.000000
0.987422 -0.152869 0.040368 0.000000 0.137070 0.954912 0.263354 0.098500 -0.078807 -0.254509 0.963854 0.000000 0.000000 0.000000 0.000000 1.000000</float_array>
        <technique_common>
          <accessor source="#Spine-Matrix-animation-output-transform-array" count="35" stride="16">
            <param type="float4x4"/>
          </accessor>
        </technique_common>
      </source>
      <source id="Spine-Interpolations">
        <Name_array id="Spine-Interpolations-array" count="35">
 LINEAR LINEAR LINEAR LINEAR LINEAR LINEAR LINEAR LINEAR LINEAR LINEAR LINEAR
LINEAR LINEAR LINEAR LINEAR LINEAR LINEAR LINEAR LINEAR LINEAR LINEAR LINEAR LINEAR
LINEAR LINEAR LINEAR LINEAR LINEAR LINEAR LINEAR LINEAR LINEAR LINEAR LINEAR LINEAR</Name_array>
        <technique_common>
          <accessor source="#Spine-Interpolations-array" count="35">
            <param type="name"/>
          </accessor>
        </technique_common>
      </source>
      <sampler id="Spine-Matrix-animation-transform">
        <input semantic="INPUT" source="#Spine-Matrix-animation-input"/>
        <input semantic="OUTPUT" source="#Spine-Matrix-animation-output-transform"/>
        <input semantic="INTERPOLATION" source="#Spine-Interpolations"/>
      </sampler>
      <channel source="#Spine-Matrix-animation-transform" target="Spine/matrix"/>
    </animation>
    <animation id="Spine1-anim" name="Spine1">
      <source id="Spine1-Matrix-animation-input">
        <float_array id="Spine1-Matrix-animation-input-array" count="35">

0.000000 0.033333 0.066667 0.100000 0.133333 0.166667 0.200000 0.233333 0.266667 0.300000 0.333333 0.366667 0.400000 0.433333 0.466667 0.500000
0.533333 0.566667 0.600000 0.633333 0.666667 0.700000 0.733333 0.766667 0.800000 0.833333 0.866667 0.900000 0.933333 0.966667 1.000000 1.033333
1.066667 1.100000 1.133333</float_array>
        <technique_common>
          <accessor source="#Spine1-Matrix-animation-input-array" count="35">
            <param name="TIME" type="float"/>
          </accessor>
        </technique_common>
      </source>
      <source id="Spine1-Matrix-animation-output-transform">
        <float_array id="Spine1-Matrix-animation-output-transform-array" count="560">

0.999248 0.036199 0.013886 0.000000 -0.035914 0.999149 -0.020288 0.130500 -0.014608 0.019774 0.999698 0.000000 0.000000 0.000000 0.000000 1.000000
0.999353 0.033696 0.012547 0.000000 -0.033437 0.999235 -0.020301 0.130500 -0.013221 0.019868 0.999715 0.000000 0.000000 0.000000 0.000000 1.000000
0.999438 0.031534 0.011359 0.000000 -0.031299 0.999304 -0.020316 0.130500 -0.011992 0.019949 0.999729 0.000000 0.000000 0.000000 0.000000 1.000000
0.999492 0.030093 0.010463 0.000000 -0.029876 0.999348 -0.020284 0.130500 -0.011066 0.019961 0.999740 0.000000 0.000000 0.000000 0.000000 1.000000
0.999515 0.029522 0.009946 0.000000 -0.029316 0.999366 -0.020216 0.130500 -0.010537 0.019915 0.999746 0.000000 0.000000 0.000000 0.000000 1.000000
0.999495 0.030196 0.009939 0.000000 -0.029989 0.999343 -0.020338 0.130500 -0.010546 0.020030 0.999744 0.000000 0.000000 0.000000 0.000000 1.000000
0.999438 0.031842 0.010455 0.000000 -0.031627 0.999297 -0.020130 0.130500 -0.011089 0.019788 0.999743 0.000000 0.000000 0.000000 0.000000 1.000000
0.999353 0.034054 0.011576 0.000000 -0.033835 0.999253 -0.018646 0.130500 -0.012202 0.018242 0.999759 0.000000 0.000000 0.000000 0.000000 1.000000
0.999242 0.036633 0.013153 -0.000000 -0.036421 0.999209 -0.015986 0.130500 -0.013728 0.015495 0.999786 0.000000 0.000000 0.000000 0.000000 1.000000
0.999109 0.039504 0.014877 0.000000 -0.039314 0.999144 -0.012858 0.130500 -0.015372 0.012261 0.999807 -0.000000 0.000000 0.000000 0.000000 1.000000
0.998962 0.042471 0.016473 0.000000 -0.042316 0.999058 -0.009651 0.130500 -0.016868 0.008944 0.999818 0.000000 0.000000 0.000000 0.000000 1.000000
0.998825 0.045081 0.017813 0.000000 -0.044959 0.998963 -0.007182 0.130500 -0.018118 0.006373 0.999816 0.000000 0.000000 0.000000 0.000000 1.000000
0.998722 0.046950 0.018714 0.000000 -0.046843 0.998884 -0.006111 0.130500 -0.018980 0.005227 0.999806 -0.000000 0.000000 0.000000 0.000000 1.000000
0.998686 0.047479 0.019293 0.000000 -0.047371 0.998859 -0.006049 0.130500 -0.019558 0.005127 0.999796 0.000000 0.000000 0.000000 0.000000 1.000000
0.998754 0.045888 0.019609 -0.000000 -0.045762 0.998929 -0.006839 0.130500 -0.019901 0.005933 0.999784 -0.000000 0.000000 0.000000 0.000000 1.000000
0.998874 0.043228 0.019564 0.000000 -0.043074 0.999038 -0.008206 0.130500 -0.019900 0.007354 0.999775 0.000000 0.000000 0.000000 0.000000 1.000000
0.999015 0.040074 0.019032 -0.000000 -0.039890 0.999155 -0.009942 0.130500 -0.019415 0.009173 0.999769 -0.000000 0.000000 0.000000 0.000000 1.000000
0.999157 0.036803 0.018206 0.000000 -0.036591 0.999260 -0.011860 0.130500 -0.018629 0.011184 0.999764 0.000000 0.000000 0.000000 0.000000 1.000000
0.999279 0.033872 0.017146 0.000000 -0.033637 0.999339 -0.013799 0.130500 -0.017602 0.013212 0.999758 0.000000 0.000000 0.000000 0.000000 1.000000
0.999371 0.031616 0.016036 -0.000000 -0.031366 0.999386 -0.015613 0.130500 -0.016520 0.015100 0.999750 -0.000000 0.000000 0.000000 0.000000 1.000000
0.999417 0.030617 0.015101 0.000000 -0.030359 0.999394 -0.017042 0.130500 -0.015613 0.016574 0.999741 0.000000 0.000000 0.000000 0.000000 1.000000
0.999424 0.030767 0.014339 0.000000 -0.030507 0.999372 -0.018012 0.130500 -0.014884 0.017564 0.999735 0.000000 0.000000 0.000000 0.000000 1.000000
0.999393 0.032010 0.013748 0.000000 -0.031755 0.999326 -0.018392 0.130500 -0.014327 0.017944 0.999736 0.000000 0.000000 0.000000 0.000000 1.000000
0.999330 0.034100 0.013317 -0.000000 -0.033855 0.999261 -0.018192 0.130500 -0.013927 0.017729 0.999746 0.000000 0.000000 0.000000 0.000000 1.000000
0.999243 0.036656 0.013019 0.000000 -0.036427 0.999184 -0.017452 0.130500 -0.013648 0.016965 0.999763 0.000000 0.000000 0.000000 0.000000 1.000000
0.999142 0.039367 0.012896 0.000000 -0.039153 0.999098 -0.016418 0.130500 -0.013531 0.015899 0.999782 0.000000 0.000000 0.000000 0.000000 1.000000
0.999038 0.041868 0.013051 0.000000 -0.041663 0.999011 -0.015551 0.130500 -0.013689 0.014993 0.999794 0.000000 0.000000 0.000000 0.000000 1.000000
0.998950 0.043790 0.013492 0.000000 -0.043585 0.998935 -0.015147 0.130500 -0.014140 0.014543 0.999794 0.000000 0.000000 0.000000 0.000000 1.000000
0.998893 0.044867 0.014143 0.000000 -0.044649 0.998885 -0.015356 0.130500 -0.014816 0.014707 0.999782 -0.000000 0.000000 0.000000 0.000000 1.000000
0.998880 0.044913 0.014917 -0.000000 -0.044670 0.998870 -0.016241 0.130500 -0.015629 0.015556 0.999757 0.000000 0.000000 0.000000 0.000000 1.000000
0.998903 0.044170 0.015563 0.000000 -0.043900 0.998886 -0.017295 0.130500 -0.016310 0.016592 0.999729 0.000000 0.000000 0.000000 0.000000 1.000000
0.998955 0.042852 0.015890 -0.000000 -0.042562 0.998929 -0.018153 0.130500 -0.016651 0.017458 0.999709 -0.000000 0.000000 0.000000 0.000000 1.000000
0.999032 0.041054 0.015780 0.000000 -0.040754 0.998990 -0.018936 0.130500 -0.016541 0.018274 0.999696 0.000000 0.000000 0.000000 0.000000 1.000000
0.999137 0.038746 0.014974 0.000000 -0.038450 0.999068 -0.019624 0.130500 -0.015721 0.019031 0.999695 0.000000 0.000000 0.000000 0.000000 1.000000
0.999248 0.036198 0.013907 0.000000 -0.035912 0.999149 -0.020288 0.130500 -0.014629 0.019774 0.999697 0.000000 0.000000 0.000000 0.000000 1.000000</float_array>
        <technique_common>
          <accessor source="#Spine1-Matrix-animation-output-transform-array" count="35" stride="16">
            <param type="float4x4"/>
          </accessor>
        </technique_common>
      </source>
      <source id="Spine1-Interpolations">
        <Name_array id="Spine1-Interpolations-array" count="35">
 LINEAR LINEAR LINEAR LINEAR LINEAR LINEAR LINEAR LINEAR LINEAR LINEAR LINEAR
LINEAR LINEAR LINEAR LINEAR LINEAR LINEAR LINEAR LINEAR LINEAR LINEAR LINEAR LINEAR
LINEAR LINEAR LINEAR LINEAR LINEAR LINEAR LINEAR LINEAR LINEAR LINEAR LINEAR LINEAR</Name_array>
        <technique_common>
          <accessor source="#Spine1-Interpolations-array" count="35">
            <param type="name"/>
          </accessor>
        </technique_common>
      </source>
      <sampler id="Spine1-Matrix-animation-transform">
        <input semantic="INPUT" source="#Spine1-Matrix-animation-input"/>
        <input semantic="OUTPUT" source="#Spine1-Matrix-animation-output-transform"/>
        <input semantic="INTERPOLATION" source="#Spine1-Interpolations"/>
      </sampler>
      <channel source="#Spine1-Matrix-animation-transform" target="Spine1/matrix"/>
    </animation>
    <animation id="Spine2-anim" name="Spine2">
      <source id="Spine2-Matrix-animation-input">
        <float_array id="Spine2-Matrix-animation-input-array" count="35">

0.000000 0.033333 0.066667 0.100000 0.133333 0.166667 0.200000 0.233333 0.266667 0.300000 0.333333 0.366667 0.400000 0.433333 0.466667 0.500000
0.533333 0.566667 0.600000 0.633333 0.666667 0.700000 0.733333 0.766667 0.800000 0.833333 0.866667 0.900000 0.933333 0.966667 1.000000 1.033333
1.066667 1.100000 1.133333</float_array>
        <technique_common>
          <accessor source="#Spine2-Matrix-animation-input-array" count="35">
            <param name="TIME" type="float"/>
          </accessor>
        </technique_common>
      </source>
      <source id="Spine2-Matrix-animation-output-transform">
        <float_array id="Spine2-Matrix-animation-output-transform-array" count="560">

0.999291 0.036535 0.009042 0.000000 -0.034332 0.983292 -0.178766 0.121800 -0.015422 0.178329 0.983850 0.000000 0.000000 0.000000 0.000000 1.000000
0.999391 0.033995 0.007850 0.000000 -0.032047 0.983385 -0.178680 0.121800 -0.013794 0.178319 0.983876 0.000000 0.000000 0.000000 0.000000 1.000000
0.999471 0.031800 0.006793 -0.000000 -0.030077 0.983461 -0.178607 0.121800 -0.012360 0.178309 0.983897 -0.000000 0.000000 0.000000 0.000000 1.000000
0.999522 0.030334 0.005992 -0.000000 -0.028778 0.983516 -0.178514 0.121800 -0.011308 0.178256 0.983919 0.000000 0.000000 0.000000 0.000000 1.000000
0.999542 0.029749 0.005521 0.000000 -0.028288 0.983549 -0.178412 0.121800 -0.010737 0.178174 0.983940 -0.000000 0.000000 0.000000 0.000000 1.000000
0.999522 0.030422 0.005471 -0.000000 -0.028957 0.983509 -0.178525 0.121800 -0.010812 0.178281 0.983920 0.000000 0.000000 0.000000 0.000000 1.000000
0.999468 0.032089 0.005901 0.000000 -0.030523 0.983495 -0.178343 0.121800 -0.011527 0.178068 0.983951 0.000000 0.000000 0.000000 0.000000 1.000000
0.999385 0.034368 0.006967 0.000000 -0.032595 0.983682 -0.176939 0.121800 -0.012934 0.176603 0.984197 -0.000000 0.000000 0.000000 0.000000 1.000000
0.999277 0.037052 0.008522 0.000000 -0.035001 0.984052 -0.174404 0.121800 -0.014848 0.173979 0.984637 0.000000 0.000000 0.000000 0.000000 1.000000
0.999146 0.040042 0.010210 0.000000 -0.037703 0.984477 -0.171418 0.121800 -0.016915 0.170887 0.985145 0.000000 0.000000 0.000000 0.000000 1.000000
0.999001 0.043126 0.011737 0.000000 -0.040539 0.984892 -0.168356 0.121800 -0.018820 0.167712 0.985656 -0.000000 0.000000 0.000000 0.000000 1.000000
0.998865 0.045826 0.012981 0.000000 -0.043041 0.985183 -0.166015 0.121800 -0.020397 0.165268 0.986038 0.000000 0.000000 0.000000 0.000000 1.000000
0.998765 0.047741 0.013759 0.000000 -0.044823 0.985268 -0.165038 0.121800 -0.021435 0.164217 0.986191 0.000000 0.000000 0.000000 0.000000 1.000000
0.998731 0.048289 0.014291 0.000000 -0.045275 0.985249 -0.165030 0.121800 -0.022049 0.164174 0.986185 0.000000 0.000000 0.000000 0.000000 1.000000
0.998800 0.046698 0.014737 0.000000 -0.043615 0.985190 -0.165825 0.121800 -0.022263 0.164983 0.986045 0.000000 0.000000 0.000000 0.000000 1.000000
0.998920 0.044018 0.014905 0.000000 -0.040914 0.985081 -0.167154 0.121800 -0.022040 0.166364 0.985818 -0.000000 0.000000 0.000000 0.000000 1.000000
0.999060 0.040817 0.014626 0.000000 -0.037768 0.984925 -0.168806 0.121800 -0.021296 0.168095 0.985541 -0.000000 0.000000 0.000000 0.000000 1.000000
0.999198 0.037484 0.014058 -0.000000 -0.034541 0.984732 -0.170618 0.121800 -0.020239 0.169996 0.985237 0.000000 0.000000 0.000000 0.000000 1.000000
0.999318 0.034485 0.013221 0.000000 -0.031693 0.984509 -0.172444 0.121800 -0.018963 0.171907 0.984931 0.000000 0.000000 0.000000 0.000000 1.000000
0.999407 0.032165 0.012266 0.000000 -0.029541 0.984276 -0.174152 0.121800 -0.017675 0.173687 0.984642 0.000000 0.000000 0.000000 0.000000 1.000000
0.999451 0.031118 0.011357 0.000000 -0.028644 0.984061 -0.175507 0.121800 -0.016638 0.175085 0.984413 0.000000 0.000000 0.000000 0.000000 1.000000
0.999457 0.031234 0.010510 -0.000000 -0.028892 0.983889 -0.176432 0.121800 -0.015851 0.176032 0.984257 -0.000000 0.000000 0.000000 0.000000 1.000000
0.999426 0.032458 0.009730 0.000000 -0.030229 0.983783 -0.176795 0.121800 -0.015311 0.176399 0.984200 0.000000 0.000000 0.000000 0.000000 1.000000
0.999362 0.034539 0.009041 -0.000000 -0.032402 0.983749 -0.176604 0.121800 -0.014994 0.176198 0.984240 0.000000 0.000000 0.000000 0.000000 1.000000
0.999276 0.037094 0.008461 -0.000000 -0.035029 0.983786 -0.175890 0.121800 -0.014848 0.175466 0.984374 -0.000000 0.000000 0.000000 0.000000 1.000000
0.999175 0.039805 0.008067 -0.000000 -0.037783 0.983862 -0.174894 0.121800 -0.014899 0.174444 0.984554 0.000000 0.000000 0.000000 0.000000 1.000000
0.999073 0.042308 0.008000 0.000000 -0.040272 0.983909 -0.174073 0.121800 -0.015236 0.173590 0.984700 0.000000 0.000000 0.000000 0.000000 1.000000
0.998987 0.044233 0.008298 0.000000 -0.042122 0.983894 -0.173721 0.121800 -0.015848 0.173196 0.984760 0.000000 0.000000 0.000000 0.000000 1.000000
0.998933 0.045309 0.008893 -0.000000 -0.043074 0.983806 -0.173982 0.121800 -0.016632 0.173414 0.984709 -0.000000 0.000000 0.000000 0.000000 1.000000
0.998924 0.045350 0.009700 -0.000000 -0.042958 0.983646 -0.174914 0.121800 -0.017474 0.174309 0.984536 0.000000 0.000000 0.000000 0.000000 1.000000
0.998951 0.044600 0.010410 0.000000 -0.042075 0.983491 -0.175996 0.121800 -0.018088 0.175373 0.984336 0.000000 0.000000 0.000000 0.000000 1.000000
0.999005 0.043271 0.010780 -0.000000 -0.040687 0.983396 -0.176854 0.121800 -0.018254 0.176240 0.984178 -0.000000 0.000000 0.000000 0.000000 1.000000
0.999083 0.041457 0.010729 -0.000000 -0.038896 0.983334 -0.177602 0.121800 -0.017913 0.177021 0.984044 0.000000 0.000000 0.000000 0.000000 1.000000
0.999184 0.039117 0.010022 -0.000000 -0.036709 0.983308 -0.178205 0.121800 -0.016825 0.177692 0.983942 0.000000 0.000000 0.000000 0.000000 1.000000
0.999291 0.036535 0.009042 0.000000 -0.034332 0.983292 -0.178766 0.121800 -0.015422 0.178329 0.983850 0.000000 0.000000 0.000000 0.000000 1.000000</float_array>
        <technique_common>
          <accessor source="#Spine2-Matrix-animation-output-transform-array" count="35" stride="16">
            <param type="float4x4"/>
          </accessor>
        </technique_common>
      </source>
      <source id="Spine2-Interpolations">
        <Name_array id="Spine2-Interpolations-array" count="35">
 LINEAR LINEAR LINEAR LINEAR LINEAR LINEAR LINEAR LINEAR LINEAR LINEAR LINEAR
LINEAR LINEAR LINEAR LINEAR LINEAR LINEAR LINEAR LINEAR LINEAR LINEAR LINEAR LINEAR
LINEAR LINEAR LINEAR LINEAR LINEAR LINEAR LINEAR LINEAR LINEAR LINEAR LINEAR LINEAR</Name_array>
        <technique_common>
          <accessor source="#Spine2-Interpolations-array" count="35">
            <param type="name"/>
          </accessor>
        </technique_common>
      </source>
      <sampler id="Spine2-Matrix-animation-transform">
        <input semantic="INPUT" source="#Spine2-Matrix-animation-input"/>
        <input semantic="OUTPUT" source="#Spine2-Matrix-animation-output-transform"/>
        <input semantic="INTERPOLATION" source="#Spine2-Interpolations"/>
      </sampler>
      <channel source="#Spine2-Matrix-animation-transform" target="Spine2/matrix"/>
    </animation>
    <animation id="Neck-anim" name="Neck">
      <source id="Neck-Matrix-animation-input">
        <float_array id="Neck-Matrix-animation-input-array" count="35">

0.000000 0.033333 0.066667 0.100000 0.133333 0.166667 0.200000 0.233333 0.266667 0.300000 0.333333 0.366667 0.400000 0.433333 0.466667 0.500000
0.533333 0.566667 0.600000 0.633333 0.666667 0.700000 0.733333 0.766667 0.800000 0.833333 0.866667 0.900000 0.933333 0.966667 1.000000 1.033333
1.066667 1.100000 1.133333</float_array>
        <technique_common>
          <accessor source="#Neck-Matrix-animation-input-array" count="35">
            <param name="TIME" type="float"/>
          </accessor>
        </technique_common>
      </source>
      <source id="Neck-Matrix-animation-output-transform">
        <float_array id="Neck-Matrix-animation-output-transform-array" count="560">

0.996724 0.034115 0.073331 -0.000000 -0.015543 0.970581 -0.240271 0.155600 -0.079370 0.238344 0.967932 -0.000000 0.000000 0.000000 0.000000 1.000000
0.996982 0.026805 0.072865 -0.000000 -0.008884 0.971733 -0.235915 0.155600 -0.077129 0.234556 0.969038 -0.000000 0.000000 0.000000 0.000000 1.000000
0.997161 0.020966 0.072323 -0.000000 -0.003631 0.972728 -0.231921 0.155600 -0.075213 0.231000 0.970042 0.000000 0.000000 0.000000 0.000000 1.000000
0.997260 0.018838 0.071532 0.000000 -0.001991 0.973514 -0.228617 0.155600 -0.073944 0.227848 0.970885 0.000000 0.000000 0.000000 0.000000 1.000000
0.997307 0.019540 0.070690 -0.000000 -0.003029 0.974006 -0.226503 0.155600 -0.073279 0.225679 0.971442 0.000000 0.000000 0.000000 0.000000 1.000000
0.997282 0.022768 0.070069 0.000000 -0.006350 0.974076 -0.226130 0.155600 -0.073401 0.225071 0.971574 -0.000000 0.000000 0.000000 0.000000 1.000000
0.997194 0.027801 0.069510 0.000000 -0.011264 0.973638 -0.227821 0.155600 -0.074011 0.226399 0.971219 0.000000 0.000000 0.000000 0.000000 1.000000
0.997066 0.033778 0.068696 -0.000000 -0.016937 0.972485 -0.232351 0.155600 -0.074654 0.230506 0.970203 0.000000 0.000000 0.000000 0.000000 1.000000
0.996901 0.040116 0.067674 0.000000 -0.022832 0.970728 -0.239095 0.155600 -0.075285 0.236809 0.968635 -0.000000 0.000000 0.000000 0.000000 1.000000
0.996692 0.046475 0.066673 0.000000 -0.028680 0.968716 -0.246508 0.155600 -0.076044 0.243781 0.966844 0.000000 0.000000 0.000000 0.000000 1.000000
0.996455 0.052322 0.065876 -0.000000 -0.033992 0.966703 -0.253633 0.155600 -0.076953 0.250495 0.965055 -0.000000 0.000000 0.000000 0.000000 1.000000
0.996247 0.056289 0.065756 -0.000000 -0.037466 0.965246 -0.258645 0.155600 -0.078029 0.255211 0.963732 0.000000 0.000000 0.000000 0.000000 1.000000
0.996125 0.057353 0.066682 0.000000 -0.038135 0.964813 -0.260158 0.155600 -0.079256 0.256607 0.963261 -0.000000 0.000000 0.000000 0.000000 1.000000
0.996122 0.055758 0.068060 0.000000 -0.036298 0.965090 -0.259389 0.155600 -0.080147 0.255913 0.963372 -0.000000 0.000000 0.000000 0.000000 1.000000
0.996284 0.050855 0.069508 -0.000000 -0.031388 0.965946 -0.256833 0.155600 -0.080202 0.253697 0.963953 -0.000000 0.000000 0.000000 0.000000 1.000000
